* * * * * * * * *
Parameters => Max Epochs: 100, Learning Rate: 1.000000
Type of network used: SimpleNetwork
Input Nodes: 36, Hidden Nodes: 0, Output Nodes: 2
* * * * * * * * *
1 Error: 0.48500000 0.543 0.493
2 Error: 0.48344444 0.542 0.488
3 Error: 0.48266667 0.542 0.488
4 Error: 0.48255556 0.542 0.488
5 Error: 0.48255556 0.542 0.488
6 Error: 0.48255556 0.542 0.488
7 Error: 0.48255556 0.542 0.488
8 Error: 0.48255556 0.542 0.488
9 Error: 0.48255556 0.542 0.488
10 Error: 0.48255556 0.542 0.488
11 Error: 0.48255556 0.542 0.488
12 Error: 0.48255556 0.542 0.488
13 Error: 0.48255556 0.542 0.488
14 Error: 0.48255556 0.542 0.488
15 Error: 0.48255556 0.542 0.488
16 Error: 0.48255556 0.542 0.488
17 Error: 0.48255556 0.542 0.488
18 Error: 0.48255556 0.542 0.488
19 Error: 0.48255556 0.542 0.488
20 Error: 0.48255556 0.542 0.488
21 Error: 0.48255556 0.542 0.488
22 Error: 0.48255556 0.542 0.488
23 Error: 0.48255556 0.542 0.488
24 Error: 0.48255556 0.542 0.488
25 Error: 0.48255556 0.542 0.488
26 Error: 0.48255556 0.542 0.488
27 Error: 0.48255556 0.542 0.488
28 Error: 0.48255556 0.542 0.488
29 Error: 0.48255556 0.542 0.488
30 Error: 0.48255556 0.542 0.488
31 Error: 0.48255556 0.542 0.488
32 Error: 0.48255556 0.542 0.488
33 Error: 0.48255556 0.542 0.488
34 Error: 0.48255556 0.542 0.488
35 Error: 0.48255556 0.542 0.488
36 Error: 0.48255556 0.542 0.488
37 Error: 0.48255556 0.542 0.488
38 Error: 0.48255556 0.542 0.488
39 Error: 0.48255556 0.542 0.488
40 Error: 0.48255556 0.542 0.488
41 Error: 0.48255556 0.542 0.488
42 Error: 0.48255556 0.542 0.488
43 Error: 0.48255556 0.542 0.488
44 Error: 0.48255556 0.542 0.488
45 Error: 0.48255556 0.542 0.488
46 Error: 0.48255556 0.542 0.488
47 Error: 0.48255556 0.542 0.488
48 Error: 0.48255556 0.542 0.488
49 Error: 0.48255556 0.542 0.488
50 Error: 0.48255556 0.542 0.488
51 Error: 0.48255556 0.542 0.488
52 Error: 0.48255556 0.542 0.488
53 Error: 0.48255556 0.542 0.488
54 Error: 0.48255556 0.542 0.488
55 Error: 0.48255556 0.542 0.488
56 Error: 0.48255556 0.542 0.488
57 Error: 0.48255556 0.542 0.488
58 Error: 0.48255556 0.542 0.488
59 Error: 0.48255556 0.542 0.488
60 Error: 0.48255556 0.542 0.488
61 Error: 0.48255556 0.542 0.488
62 Error: 0.48255556 0.542 0.488
63 Error: 0.48255556 0.542 0.488
64 Error: 0.48255556 0.542 0.488
65 Error: 0.48255556 0.542 0.488
66 Error: 0.48255556 0.542 0.488
67 Error: 0.48255556 0.542 0.488
68 Error: 0.48255556 0.542 0.488
69 Error: 0.48255556 0.542 0.488
70 Error: 0.48255556 0.542 0.488
71 Error: 0.48255556 0.542 0.488
72 Error: 0.48255556 0.542 0.488
73 Error: 0.48255556 0.542 0.488
74 Error: 0.48255556 0.542 0.488
75 Error: 0.48255556 0.542 0.488
76 Error: 0.48255556 0.542 0.488
77 Error: 0.48255556 0.542 0.488
78 Error: 0.48255556 0.542 0.488
79 Error: 0.48255556 0.542 0.488
80 Error: 0.48255556 0.542 0.488
81 Error: 0.48255556 0.542 0.488
82 Error: 0.48255556 0.542 0.488
83 Error: 0.48255556 0.542 0.488
84 Error: 0.48255556 0.542 0.488
85 Error: 0.48255556 0.542 0.488
86 Error: 0.48255556 0.542 0.488
87 Error: 0.48255556 0.542 0.488
88 Error: 0.48255556 0.542 0.488
89 Error: 0.48255556 0.542 0.488
90 Error: 0.48255556 0.542 0.488
91 Error: 0.48255556 0.542 0.488
92 Error: 0.48255556 0.542 0.488
93 Error: 0.48255556 0.542 0.488
94 Error: 0.48255556 0.542 0.488
95 Error: 0.48255556 0.542 0.488
96 Error: 0.48255556 0.542 0.488
97 Error: 0.48255556 0.542 0.488
98 Error: 0.48255556 0.542 0.488
99 Error: 0.48255556 0.542 0.488
100 Error: 0.48255556 0.542 0.488
* * * * * * * * *
Parameters => Max Epochs: 100, Learning Rate: 0.100000
Type of network used: SimpleNetwork
Input Nodes: 36, Hidden Nodes: 0, Output Nodes: 2
* * * * * * * * *
1 Error: 0.44322222 0.482 0.443
2 Error: 0.38988889 0.427 0.380
3 Error: 0.37366667 0.404 0.383
4 Error: 0.36500000 0.401 0.372
5 Error: 0.36155556 0.398 0.365
6 Error: 0.36100000 0.393 0.360
7 Error: 0.36000000 0.389 0.354
8 Error: 0.35900000 0.391 0.354
9 Error: 0.35844444 0.390 0.355
10 Error: 0.35844444 0.388 0.353
11 Error: 0.35922222 0.387 0.352
12 Error: 0.35922222 0.387 0.353
13 Error: 0.35922222 0.387 0.352
14 Error: 0.35866667 0.386 0.352
15 Error: 0.35844444 0.386 0.353
16 Error: 0.35833333 0.385 0.353
17 Error: 0.35866667 0.385 0.353
18 Error: 0.35855556 0.385 0.353
19 Error: 0.35866667 0.385 0.353
20 Error: 0.35866667 0.384 0.354
21 Error: 0.35866667 0.384 0.354
22 Error: 0.35866667 0.384 0.354
23 Error: 0.35866667 0.384 0.354
24 Error: 0.35866667 0.384 0.354
25 Error: 0.35888889 0.384 0.354
26 Error: 0.35888889 0.384 0.354
27 Error: 0.35888889 0.384 0.354
28 Error: 0.35888889 0.384 0.354
29 Error: 0.35900000 0.384 0.354
30 Error: 0.35911111 0.384 0.354
31 Error: 0.35911111 0.384 0.354
32 Error: 0.35911111 0.384 0.354
33 Error: 0.35911111 0.384 0.354
34 Error: 0.35911111 0.384 0.354
35 Error: 0.35911111 0.384 0.354
36 Error: 0.35911111 0.384 0.354
37 Error: 0.35911111 0.384 0.354
38 Error: 0.35911111 0.384 0.354
39 Error: 0.35911111 0.384 0.354
40 Error: 0.35911111 0.384 0.354
41 Error: 0.35911111 0.384 0.354
42 Error: 0.35911111 0.384 0.354
43 Error: 0.35911111 0.384 0.354
44 Error: 0.35911111 0.384 0.354
45 Error: 0.35911111 0.384 0.354
46 Error: 0.35911111 0.384 0.354
47 Error: 0.35911111 0.384 0.354
48 Error: 0.35911111 0.384 0.354
49 Error: 0.35911111 0.384 0.354
50 Error: 0.35911111 0.384 0.354
51 Error: 0.35911111 0.384 0.354
52 Error: 0.35911111 0.384 0.354
53 Error: 0.35911111 0.384 0.354
54 Error: 0.35911111 0.384 0.354
55 Error: 0.35911111 0.384 0.354
56 Error: 0.35911111 0.384 0.354
57 Error: 0.35911111 0.384 0.354
58 Error: 0.35911111 0.384 0.354
59 Error: 0.35911111 0.384 0.354
60 Error: 0.35911111 0.384 0.354
61 Error: 0.35911111 0.384 0.354
62 Error: 0.35911111 0.384 0.354
63 Error: 0.35911111 0.384 0.354
64 Error: 0.35911111 0.384 0.354
65 Error: 0.35911111 0.384 0.354
66 Error: 0.35911111 0.384 0.354
67 Error: 0.35911111 0.384 0.354
68 Error: 0.35911111 0.384 0.354
69 Error: 0.35911111 0.384 0.354
70 Error: 0.35911111 0.384 0.354
71 Error: 0.35911111 0.384 0.354
72 Error: 0.35911111 0.384 0.354
73 Error: 0.35911111 0.384 0.354
74 Error: 0.35911111 0.384 0.354
75 Error: 0.35911111 0.384 0.354
76 Error: 0.35911111 0.384 0.354
77 Error: 0.35911111 0.384 0.354
78 Error: 0.35911111 0.384 0.354
79 Error: 0.35911111 0.384 0.354
80 Error: 0.35911111 0.384 0.354
81 Error: 0.35911111 0.384 0.354
82 Error: 0.35911111 0.384 0.354
83 Error: 0.35911111 0.384 0.354
84 Error: 0.35911111 0.384 0.354
85 Error: 0.35911111 0.384 0.354
86 Error: 0.35911111 0.384 0.354
87 Error: 0.35911111 0.384 0.354
88 Error: 0.35911111 0.384 0.354
89 Error: 0.35911111 0.384 0.354
90 Error: 0.35911111 0.384 0.354
91 Error: 0.35911111 0.384 0.354
92 Error: 0.35911111 0.384 0.354
93 Error: 0.35911111 0.384 0.354
94 Error: 0.35911111 0.384 0.354
95 Error: 0.35911111 0.384 0.354
96 Error: 0.35911111 0.384 0.354
97 Error: 0.35911111 0.384 0.354
98 Error: 0.35911111 0.384 0.354
99 Error: 0.35911111 0.384 0.354
100 Error: 0.35911111 0.384 0.354
* * * * * * * * *
Parameters => Max Epochs: 100, Learning Rate: 0.010000
Type of network used: SimpleNetwork
Input Nodes: 36, Hidden Nodes: 0, Output Nodes: 2
* * * * * * * * *
1 Error: 0.51444444 0.455 0.505
2 Error: 0.51444444 0.455 0.505
3 Error: 0.51422222 0.455 0.505
4 Error: 0.50344444 0.448 0.500
5 Error: 0.48533333 0.441 0.470
6 Error: 0.46811111 0.426 0.445
7 Error: 0.44944444 0.412 0.431
8 Error: 0.43222222 0.401 0.414
9 Error: 0.42066667 0.391 0.409
10 Error: 0.40988889 0.381 0.405
11 Error: 0.40388889 0.378 0.404
12 Error: 0.39700000 0.372 0.404
13 Error: 0.39233333 0.363 0.398
14 Error: 0.38788889 0.356 0.395
15 Error: 0.38333333 0.357 0.389
16 Error: 0.38033333 0.353 0.380
17 Error: 0.37888889 0.356 0.379
18 Error: 0.37600000 0.352 0.379
19 Error: 0.37377778 0.351 0.380
20 Error: 0.37266667 0.350 0.382
21 Error: 0.37188889 0.351 0.381
22 Error: 0.36866667 0.346 0.381
23 Error: 0.36777778 0.349 0.381
24 Error: 0.36733333 0.347 0.379
25 Error: 0.36722222 0.343 0.379
26 Error: 0.36700000 0.344 0.380
27 Error: 0.36633333 0.343 0.380
28 Error: 0.36611111 0.341 0.380
29 Error: 0.36477778 0.340 0.379
30 Error: 0.36377778 0.341 0.379
31 Error: 0.36300000 0.340 0.379
32 Error: 0.36133333 0.338 0.378
33 Error: 0.36111111 0.335 0.377
34 Error: 0.36055556 0.335 0.378
35 Error: 0.36055556 0.335 0.375
36 Error: 0.36044444 0.337 0.376
37 Error: 0.35944444 0.337 0.377
38 Error: 0.35922222 0.337 0.377
39 Error: 0.35888889 0.336 0.376
40 Error: 0.35844444 0.337 0.376
41 Error: 0.35788889 0.338 0.374
42 Error: 0.35733333 0.338 0.374
43 Error: 0.35700000 0.338 0.375
44 Error: 0.35666667 0.337 0.374
45 Error: 0.35622222 0.336 0.373
46 Error: 0.35566667 0.337 0.373
47 Error: 0.35555556 0.339 0.372
48 Error: 0.35533333 0.340 0.372
49 Error: 0.35533333 0.340 0.372
50 Error: 0.35566667 0.340 0.372
51 Error: 0.35544444 0.340 0.372
52 Error: 0.35566667 0.340 0.373
53 Error: 0.35544444 0.339 0.374
54 Error: 0.35544444 0.339 0.374
55 Error: 0.35533333 0.339 0.373
56 Error: 0.35511111 0.340 0.372
57 Error: 0.35488889 0.340 0.371
58 Error: 0.35444444 0.341 0.371
59 Error: 0.35433333 0.341 0.371
60 Error: 0.35377778 0.339 0.371
61 Error: 0.35411111 0.339 0.371
62 Error: 0.35422222 0.339 0.371
63 Error: 0.35388889 0.339 0.372
64 Error: 0.35411111 0.339 0.372
65 Error: 0.35411111 0.339 0.372
66 Error: 0.35388889 0.338 0.373
67 Error: 0.35366667 0.339 0.373
68 Error: 0.35388889 0.339 0.373
69 Error: 0.35366667 0.339 0.373
70 Error: 0.35377778 0.339 0.375
71 Error: 0.35377778 0.339 0.375
72 Error: 0.35377778 0.340 0.374
73 Error: 0.35366667 0.339 0.374
74 Error: 0.35355556 0.339 0.374
75 Error: 0.35322222 0.339 0.373
76 Error: 0.35322222 0.339 0.373
77 Error: 0.35300000 0.339 0.373
78 Error: 0.35300000 0.339 0.373
79 Error: 0.35277778 0.339 0.373
80 Error: 0.35300000 0.339 0.374
81 Error: 0.35288889 0.340 0.374
82 Error: 0.35277778 0.340 0.373
83 Error: 0.35266667 0.340 0.373
84 Error: 0.35233333 0.340 0.373
85 Error: 0.35211111 0.341 0.373
86 Error: 0.35222222 0.341 0.373
87 Error: 0.35222222 0.341 0.373
88 Error: 0.35222222 0.341 0.374
89 Error: 0.35211111 0.341 0.374
90 Error: 0.35222222 0.340 0.374
91 Error: 0.35233333 0.340 0.374
92 Error: 0.35244444 0.340 0.374
93 Error: 0.35222222 0.340 0.375
94 Error: 0.35222222 0.340 0.375
95 Error: 0.35200000 0.340 0.375
96 Error: 0.35200000 0.340 0.374
97 Error: 0.35222222 0.340 0.374
98 Error: 0.35222222 0.340 0.372
99 Error: 0.35211111 0.340 0.372
100 Error: 0.35233333 0.340 0.371
