6.86303773649e-16
2.05891132095e-16
6.8630377365e-16
6.8630377365e-16
6.8630377365e-16
2.2876792455e-15
6.86303773649e-16
2.05891132095e-16
2.2876792455e-15
2.82429536481e-13
7.62559748499e-15
2.2876792455e-15
9.4143178827e-13
2.82429536481e-13
2.2876792455e-15
2.2876792455e-15
2.82429536481e-13
9.4143178827e-13
9.4143178827e-13
2.82429536481e-13
2.82429536481e-13
9.4143178827e-13
9.4143178827e-13
2.82429536481e-13
3.1381059609e-12
3.1381059609e-12
9.4143178827e-13
9.4143178827e-13
1.0460353203e-11
3.486784401e-11
1.0460353203e-11
1.0460353203e-11
3.87420489e-10
1.162261467e-10
3.486784401e-11
3.486784401e-11
1.162261467e-10
3.87420489e-10
1.162261467e-10
1.29140163e-09
3.87420489e-10
3.87420489e-10
3.87420489e-10
3.87420489e-10
4.3046721e-09
4.3046721e-09
1.4348907e-08
1.29140163e-09
1.4348907e-08
1.4348907e-08
1.4348907e-08
1.594323e-07
1.594323e-07
5.31441e-07
5.31441e-07
4.782969e-08
5.31441e-07
5.31441e-07
5.31441e-07
5.31441e-07
1.77147e-06
5.9049e-06
1.594323e-07
1.594323e-07
5.9049e-06
1.77147e-06
1.9683e-05
1.77147e-06
5.9049e-06
5.9049e-06
5.9049e-06
5.9049e-06
-9.9997813
-9.9997813
-9.9997813
5.9049e-06
-9.9997813
-9.9997813
0.000729
-9.9997813